0 0.048613 0.518088 0.027025 0.022825
0 0.1707 0.163687 0.0921 0.021975
0 0.756163 0.151012 0.124175 0.025325
0 0.506937 0.5257 0.017725 0.01605
0 0.1745 0.80575 0.0811 0.02365
0 0.506937 0.795187 0.019425 0.022825
0 0.316425 0.518937 0.04055 0.021125
0 0.050725 0.801525 0.0262 0.0321
0 0.58255 0.796887 0.04225 0.027875
0 0.17155 0.521462 0.0735 0.017725
0 0.514537 0.158612 0.017725 0.015225
0 0.3139 0.801937 0.0338 0.021125
0 0.587613 0.52485 0.042225 0.03125
0 0.046925 0.162413 0.0304 0.027875
0 0.586775 0.153537 0.04055 0.020275
5 0.40905 0.519562 0.04525 0.960875
0 0.314738 0.15945 0.032125 0.02365
0 0.778112 0.793088 0.151225 0.037175
0 0.76165 0.524425 0.13685 0.0304