0 0.2001 0.157438 0.01775 0.021125
0 0.274325 0.529813 0.04745 0.042575
0 0.273363 0.152313 0.042575 0.024325
0 0.01635 0.519437 0.0186 0.020275
0 0.011275 0.159963 0.0169 0.029575
5 0.088762 0.347888 0.042325 0.611675
0 0.014238 0.800763 0.017725 0.013525
5 0.096788 0.838537 0.026275 0.322925
0 0.4556 0.151463 0.13505 0.027975
0 0.282237 0.801087 0.053525 0.037725
0 0.451338 0.527975 0.133825 0.0219
0 0.454375 0.796838 0.1253 0.031625
0 0.200063 0.797388 0.019375 0.023675
0 0.199663 0.523238 0.011825 0.022825