3 0.761488 0.23575 0.021125 0.0262
3 0.885162 0.91465 0.022825 0.01435
3 0.817862 0.925725 0.018225 0.0213
3 0.3972 0.302312 0.02555 0.023125
3 0.01035 0.93915 0.0169 0.01605
3 0.010337 0.302925 0.020675 0.0219
3 0.4854 0.40815 0.02675 0.028
3 0.013388 0.381988 0.026775 0.031625
3 0.8806 0.403863 0.0228 0.021125
3 0.546838 0.3017 0.040125 0.03165
3 0.884825 0.272075 0.0228 0.0228
3 0.479313 0.269462 0.024325 0.023125
3 0.546825 0.379562 0.03285 0.024325
3 0.47825 0.9089 0.02325 0.0204
3 0.766962 0.446963 0.028725 0.027875
3 0.76815 0.876213 0.02365 0.013525
3 0.813863 0.290237 0.027875 0.030425
3 0.392013 0.9434 0.028175 0.02465
3 0.391125 0.376512 0.04015 0.023125
3 0.543025 0.943388 0.04155 0.021825
3 0.818088 0.394575 0.026175 0.0211