3 0.012775 0.3696 0.0176 0.02055
3 0.2856 0.876688 0.0259 0.018075
3 0.133637 0.364325 0.012925 0.01585
3 0.191737 0.94195 0.033725 0.01955
3 0.269275 0.564525 0.02345 0.0215
3 0.23505 0.504875 0.05865 0.0303
3 0.289988 0.242587 0.025225 0.023475
3 0.272888 0.754462 0.016125 0.012225
3 0.288825 0.4462 0.0264 0.02445
3 0.131587 0.313275 0.017025 0.01115
3 0.016125 0.952363 0.02395 0.023475
3 0.131013 0.955788 0.020025 0.014675
3 0.201975 0.3033 0.044 0.0217
3 0.011087 0.311812 0.022175 0.016425
3 0.222212 0.183325 0.036375 0.0352
3 0.201075 0.381188 0.05425 0.023475
3 0.232313 0.818012 0.050375 0.027875